{
 "cells": [
  {
   "cell_type": "code",
   "execution_count": 1,
   "id": "e7dc772d",
   "metadata": {},
   "outputs": [],
   "source": [
    "import numpy as np\n",
    "import pandas as pd"
   ]
  },
  {
   "cell_type": "code",
   "execution_count": 2,
   "id": "1586e344",
   "metadata": {},
   "outputs": [],
   "source": [
    "#given data matrix\n",
    "data=np.array([\n",
    "    [53, 500],\n",
    "    [22, 45],\n",
    "    [45, 150],\n",
    "    [33, 450],\n",
    "    [57, 160],\n",
    "    [21, 47],\n",
    "    [59, 580],\n",
    "    [60, 600],\n",
    "    [40, 155],\n",
    "    [25, 50]\n",
    "])"
   ]
  },
  {
   "cell_type": "code",
   "execution_count": 3,
   "id": "aba6d78b",
   "metadata": {},
   "outputs": [],
   "source": [
    "#Extract Age and Income separately\n",
    "age = data[:,0].reshape(-1,1)\n",
    "income = data[:,1].reshape(-1,1)"
   ]
  },
  {
   "cell_type": "code",
   "execution_count": 4,
   "id": "18e2df33",
   "metadata": {},
   "outputs": [],
   "source": [
    "# Function to compute Euclidean distance\n",
    "def euclidean_distance(data):\n",
    "    n = data.shape[0]\n",
    "    dist_matrix = np.zeros((n, n))\n",
    "    for i in range(n):\n",
    "        for j in range(n):\n",
    "            dist_matrix[i, j] = np.sqrt(np.sum((data[i] - data[j]) ** 2))\n",
    "    return dist_matrix"
   ]
  },
  {
   "cell_type": "code",
   "execution_count": 5,
   "id": "7d9b3fe4",
   "metadata": {},
   "outputs": [],
   "source": [
    "# Function to compute Manhattan distance\n",
    "def manhattan_distance(data):\n",
    "    n = data.shape[0]\n",
    "    dist_matrix = np.zeros((n, n))\n",
    "    for i in range(n):\n",
    "        for j in range(n):\n",
    "            dist_matrix[i, j] = np.sum(np.abs(data[i] - data[j]))\n",
    "    return dist_matrix"
   ]
  },
  {
   "cell_type": "code",
   "execution_count": 6,
   "id": "69f77732",
   "metadata": {},
   "outputs": [],
   "source": [
    "# Function to compute Minkowski distance with p=3\n",
    "def minkowski_distance(data, p=3):\n",
    "    n = data.shape[0]\n",
    "    dist_matrix = np.zeros((n, n))\n",
    "    for i in range(n):\n",
    "        for j in range(n):\n",
    "            dist_matrix[i, j] = (np.sum(np.abs(data[i] - data[j]) ** p)) ** (1 / p)\n",
    "    return dist_matrix"
   ]
  },
  {
   "cell_type": "code",
   "execution_count": 7,
   "id": "4a99b673",
   "metadata": {},
   "outputs": [],
   "source": [
    "# Function to compute Chebyshev distance\n",
    "def chebyshev_distance(data):\n",
    "    n = data.shape[0]\n",
    "    dist_matrix = np.zeros((n, n))\n",
    "    for i in range(n):\n",
    "        for j in range(n):\n",
    "            dist_matrix[i, j] = np.max(np.abs(data[i] - data[j]))\n",
    "    return dist_matrix"
   ]
  },
  {
   "cell_type": "code",
   "execution_count": 8,
   "id": "cd3cc292",
   "metadata": {},
   "outputs": [],
   "source": [
    "# Function to print dissimilarity matrices\n",
    "def print_dissimilarity_matrix(matrix, title):\n",
    "    print(f\"\\nDissimilarity Matrix using {title}:\\n\")\n",
    "    df = pd.DataFrame(matrix, columns=range(1, len(matrix) + 1), index=range(1, len(matrix) + 1))\n",
    "    print(df)"
   ]
  },
  {
   "cell_type": "code",
   "execution_count": 9,
   "id": "ed0218cf",
   "metadata": {},
   "outputs": [
    {
     "name": "stdout",
     "output_type": "stream",
     "text": [
      "\n",
      "Dissimilarity Matrix using Euclidean (Age):\n",
      "\n",
      "      1     2     3     4     5     6     7     8     9     10\n",
      "1    0.0  31.0   8.0  20.0   4.0  32.0   6.0   7.0  13.0  28.0\n",
      "2   31.0   0.0  23.0  11.0  35.0   1.0  37.0  38.0  18.0   3.0\n",
      "3    8.0  23.0   0.0  12.0  12.0  24.0  14.0  15.0   5.0  20.0\n",
      "4   20.0  11.0  12.0   0.0  24.0  12.0  26.0  27.0   7.0   8.0\n",
      "5    4.0  35.0  12.0  24.0   0.0  36.0   2.0   3.0  17.0  32.0\n",
      "6   32.0   1.0  24.0  12.0  36.0   0.0  38.0  39.0  19.0   4.0\n",
      "7    6.0  37.0  14.0  26.0   2.0  38.0   0.0   1.0  19.0  34.0\n",
      "8    7.0  38.0  15.0  27.0   3.0  39.0   1.0   0.0  20.0  35.0\n",
      "9   13.0  18.0   5.0   7.0  17.0  19.0  19.0  20.0   0.0  15.0\n",
      "10  28.0   3.0  20.0   8.0  32.0   4.0  34.0  35.0  15.0   0.0\n",
      "\n",
      "Dissimilarity Matrix using Manhattan (Age):\n",
      "\n",
      "      1     2     3     4     5     6     7     8     9     10\n",
      "1    0.0  31.0   8.0  20.0   4.0  32.0   6.0   7.0  13.0  28.0\n",
      "2   31.0   0.0  23.0  11.0  35.0   1.0  37.0  38.0  18.0   3.0\n",
      "3    8.0  23.0   0.0  12.0  12.0  24.0  14.0  15.0   5.0  20.0\n",
      "4   20.0  11.0  12.0   0.0  24.0  12.0  26.0  27.0   7.0   8.0\n",
      "5    4.0  35.0  12.0  24.0   0.0  36.0   2.0   3.0  17.0  32.0\n",
      "6   32.0   1.0  24.0  12.0  36.0   0.0  38.0  39.0  19.0   4.0\n",
      "7    6.0  37.0  14.0  26.0   2.0  38.0   0.0   1.0  19.0  34.0\n",
      "8    7.0  38.0  15.0  27.0   3.0  39.0   1.0   0.0  20.0  35.0\n",
      "9   13.0  18.0   5.0   7.0  17.0  19.0  19.0  20.0   0.0  15.0\n",
      "10  28.0   3.0  20.0   8.0  32.0   4.0  34.0  35.0  15.0   0.0\n",
      "\n",
      "Dissimilarity Matrix using Minkowski p=3 (Age):\n",
      "\n",
      "      1     2     3     4     5     6     7     8     9     10\n",
      "1    0.0  31.0   8.0  20.0   4.0  32.0   6.0   7.0  13.0  28.0\n",
      "2   31.0   0.0  23.0  11.0  35.0   1.0  37.0  38.0  18.0   3.0\n",
      "3    8.0  23.0   0.0  12.0  12.0  24.0  14.0  15.0   5.0  20.0\n",
      "4   20.0  11.0  12.0   0.0  24.0  12.0  26.0  27.0   7.0   8.0\n",
      "5    4.0  35.0  12.0  24.0   0.0  36.0   2.0   3.0  17.0  32.0\n",
      "6   32.0   1.0  24.0  12.0  36.0   0.0  38.0  39.0  19.0   4.0\n",
      "7    6.0  37.0  14.0  26.0   2.0  38.0   0.0   1.0  19.0  34.0\n",
      "8    7.0  38.0  15.0  27.0   3.0  39.0   1.0   0.0  20.0  35.0\n",
      "9   13.0  18.0   5.0   7.0  17.0  19.0  19.0  20.0   0.0  15.0\n",
      "10  28.0   3.0  20.0   8.0  32.0   4.0  34.0  35.0  15.0   0.0\n",
      "\n",
      "Dissimilarity Matrix using Chebyshev (Age):\n",
      "\n",
      "      1     2     3     4     5     6     7     8     9     10\n",
      "1    0.0  31.0   8.0  20.0   4.0  32.0   6.0   7.0  13.0  28.0\n",
      "2   31.0   0.0  23.0  11.0  35.0   1.0  37.0  38.0  18.0   3.0\n",
      "3    8.0  23.0   0.0  12.0  12.0  24.0  14.0  15.0   5.0  20.0\n",
      "4   20.0  11.0  12.0   0.0  24.0  12.0  26.0  27.0   7.0   8.0\n",
      "5    4.0  35.0  12.0  24.0   0.0  36.0   2.0   3.0  17.0  32.0\n",
      "6   32.0   1.0  24.0  12.0  36.0   0.0  38.0  39.0  19.0   4.0\n",
      "7    6.0  37.0  14.0  26.0   2.0  38.0   0.0   1.0  19.0  34.0\n",
      "8    7.0  38.0  15.0  27.0   3.0  39.0   1.0   0.0  20.0  35.0\n",
      "9   13.0  18.0   5.0   7.0  17.0  19.0  19.0  20.0   0.0  15.0\n",
      "10  28.0   3.0  20.0   8.0  32.0   4.0  34.0  35.0  15.0   0.0\n"
     ]
    }
   ],
   "source": [
    "# Compute for Age\n",
    "print_dissimilarity_matrix(euclidean_distance(age), \"Euclidean (Age)\")\n",
    "print_dissimilarity_matrix(manhattan_distance(age), \"Manhattan (Age)\")\n",
    "print_dissimilarity_matrix(minkowski_distance(age), \"Minkowski p=3 (Age)\")\n",
    "print_dissimilarity_matrix(chebyshev_distance(age), \"Chebyshev (Age)\")"
   ]
  },
  {
   "cell_type": "code",
   "execution_count": 10,
   "id": "97134f61",
   "metadata": {},
   "outputs": [
    {
     "name": "stdout",
     "output_type": "stream",
     "text": [
      "\n",
      "Dissimilarity Matrix using Euclidean (Income):\n",
      "\n",
      "       1      2      3      4      5      6      7      8      9      10\n",
      "1     0.0  455.0  350.0   50.0  340.0  453.0   80.0  100.0  345.0  450.0\n",
      "2   455.0    0.0  105.0  405.0  115.0    2.0  535.0  555.0  110.0    5.0\n",
      "3   350.0  105.0    0.0  300.0   10.0  103.0  430.0  450.0    5.0  100.0\n",
      "4    50.0  405.0  300.0    0.0  290.0  403.0  130.0  150.0  295.0  400.0\n",
      "5   340.0  115.0   10.0  290.0    0.0  113.0  420.0  440.0    5.0  110.0\n",
      "6   453.0    2.0  103.0  403.0  113.0    0.0  533.0  553.0  108.0    3.0\n",
      "7    80.0  535.0  430.0  130.0  420.0  533.0    0.0   20.0  425.0  530.0\n",
      "8   100.0  555.0  450.0  150.0  440.0  553.0   20.0    0.0  445.0  550.0\n",
      "9   345.0  110.0    5.0  295.0    5.0  108.0  425.0  445.0    0.0  105.0\n",
      "10  450.0    5.0  100.0  400.0  110.0    3.0  530.0  550.0  105.0    0.0\n",
      "\n",
      "Dissimilarity Matrix using Manhattan (Income):\n",
      "\n",
      "       1      2      3      4      5      6      7      8      9      10\n",
      "1     0.0  455.0  350.0   50.0  340.0  453.0   80.0  100.0  345.0  450.0\n",
      "2   455.0    0.0  105.0  405.0  115.0    2.0  535.0  555.0  110.0    5.0\n",
      "3   350.0  105.0    0.0  300.0   10.0  103.0  430.0  450.0    5.0  100.0\n",
      "4    50.0  405.0  300.0    0.0  290.0  403.0  130.0  150.0  295.0  400.0\n",
      "5   340.0  115.0   10.0  290.0    0.0  113.0  420.0  440.0    5.0  110.0\n",
      "6   453.0    2.0  103.0  403.0  113.0    0.0  533.0  553.0  108.0    3.0\n",
      "7    80.0  535.0  430.0  130.0  420.0  533.0    0.0   20.0  425.0  530.0\n",
      "8   100.0  555.0  450.0  150.0  440.0  553.0   20.0    0.0  445.0  550.0\n",
      "9   345.0  110.0    5.0  295.0    5.0  108.0  425.0  445.0    0.0  105.0\n",
      "10  450.0    5.0  100.0  400.0  110.0    3.0  530.0  550.0  105.0    0.0\n",
      "\n",
      "Dissimilarity Matrix using Minkowski p=3 (Income):\n",
      "\n",
      "       1      2      3      4      5      6      7      8      9      10\n",
      "1     0.0  455.0  350.0   50.0  340.0  453.0   80.0  100.0  345.0  450.0\n",
      "2   455.0    0.0  105.0  405.0  115.0    2.0  535.0  555.0  110.0    5.0\n",
      "3   350.0  105.0    0.0  300.0   10.0  103.0  430.0  450.0    5.0  100.0\n",
      "4    50.0  405.0  300.0    0.0  290.0  403.0  130.0  150.0  295.0  400.0\n",
      "5   340.0  115.0   10.0  290.0    0.0  113.0  420.0  440.0    5.0  110.0\n",
      "6   453.0    2.0  103.0  403.0  113.0    0.0  533.0  553.0  108.0    3.0\n",
      "7    80.0  535.0  430.0  130.0  420.0  533.0    0.0   20.0  425.0  530.0\n",
      "8   100.0  555.0  450.0  150.0  440.0  553.0   20.0    0.0  445.0  550.0\n",
      "9   345.0  110.0    5.0  295.0    5.0  108.0  425.0  445.0    0.0  105.0\n",
      "10  450.0    5.0  100.0  400.0  110.0    3.0  530.0  550.0  105.0    0.0\n",
      "\n",
      "Dissimilarity Matrix using Chebyshev (Income):\n",
      "\n",
      "       1      2      3      4      5      6      7      8      9      10\n",
      "1     0.0  455.0  350.0   50.0  340.0  453.0   80.0  100.0  345.0  450.0\n",
      "2   455.0    0.0  105.0  405.0  115.0    2.0  535.0  555.0  110.0    5.0\n",
      "3   350.0  105.0    0.0  300.0   10.0  103.0  430.0  450.0    5.0  100.0\n",
      "4    50.0  405.0  300.0    0.0  290.0  403.0  130.0  150.0  295.0  400.0\n",
      "5   340.0  115.0   10.0  290.0    0.0  113.0  420.0  440.0    5.0  110.0\n",
      "6   453.0    2.0  103.0  403.0  113.0    0.0  533.0  553.0  108.0    3.0\n",
      "7    80.0  535.0  430.0  130.0  420.0  533.0    0.0   20.0  425.0  530.0\n",
      "8   100.0  555.0  450.0  150.0  440.0  553.0   20.0    0.0  445.0  550.0\n",
      "9   345.0  110.0    5.0  295.0    5.0  108.0  425.0  445.0    0.0  105.0\n",
      "10  450.0    5.0  100.0  400.0  110.0    3.0  530.0  550.0  105.0    0.0\n"
     ]
    }
   ],
   "source": [
    "# Compute for Income\n",
    "print_dissimilarity_matrix(euclidean_distance(income), \"Euclidean (Income)\")\n",
    "print_dissimilarity_matrix(manhattan_distance(income), \"Manhattan (Income)\")\n",
    "print_dissimilarity_matrix(minkowski_distance(income), \"Minkowski p=3 (Income)\")\n",
    "print_dissimilarity_matrix(chebyshev_distance(income), \"Chebyshev (Income)\")"
   ]
  },
  {
   "cell_type": "code",
   "execution_count": 11,
   "id": "30814c98",
   "metadata": {},
   "outputs": [
    {
     "name": "stdout",
     "output_type": "stream",
     "text": [
      "\n",
      "Dissimilarity Matrix using Euclidean (Age & Income):\n",
      "\n",
      "            1           2           3           4           5           6   \\\n",
      "1     0.000000  456.054821  350.091417   53.851648  340.023529  454.128836   \n",
      "2   456.054821    0.000000  107.489534  405.149355  120.208153    2.236068   \n",
      "3   350.091417  107.489534    0.000000  300.239904   15.620499  105.759160   \n",
      "4    53.851648  405.149355  300.239904    0.000000  290.991409  403.178620   \n",
      "5   340.023529  120.208153   15.620499  290.991409    0.000000  118.595953   \n",
      "6   454.128836    2.236068  105.759160  403.178620  118.595953    0.000000   \n",
      "7    80.224684  536.277913  430.227847  132.574507  420.004762  534.352880   \n",
      "8   100.244701  556.299380  450.249931  152.410630  440.010227  554.373520   \n",
      "9   345.244841  111.462998    7.071068  295.083039   17.720045  109.658561   \n",
      "10  450.870270    5.830952  101.980390  400.079992  114.560028    5.000000   \n",
      "\n",
      "            7           8           9           10  \n",
      "1    80.224684  100.244701  345.244841  450.870270  \n",
      "2   536.277913  556.299380  111.462998    5.830952  \n",
      "3   430.227847  450.249931    7.071068  101.980390  \n",
      "4   132.574507  152.410630  295.083039  400.079992  \n",
      "5   420.004762  440.010227   17.720045  114.560028  \n",
      "6   534.352880  554.373520  109.658561    5.000000  \n",
      "7     0.000000   20.024984  425.424494  531.089446  \n",
      "8    20.024984    0.000000  445.449211  551.112511  \n",
      "9   425.424494  445.449211    0.000000  106.066017  \n",
      "10  531.089446  551.112511  106.066017    0.000000  \n",
      "\n",
      "Dissimilarity Matrix using Manhattan (Age & Income):\n",
      "\n",
      "       1      2      3      4      5      6      7      8      9      10\n",
      "1     0.0  486.0  358.0   70.0  344.0  485.0   86.0  107.0  358.0  478.0\n",
      "2   486.0    0.0  128.0  416.0  150.0    3.0  572.0  593.0  128.0    8.0\n",
      "3   358.0  128.0    0.0  312.0   22.0  127.0  444.0  465.0   10.0  120.0\n",
      "4    70.0  416.0  312.0    0.0  314.0  415.0  156.0  177.0  302.0  408.0\n",
      "5   344.0  150.0   22.0  314.0    0.0  149.0  422.0  443.0   22.0  142.0\n",
      "6   485.0    3.0  127.0  415.0  149.0    0.0  571.0  592.0  127.0    7.0\n",
      "7    86.0  572.0  444.0  156.0  422.0  571.0    0.0   21.0  444.0  564.0\n",
      "8   107.0  593.0  465.0  177.0  443.0  592.0   21.0    0.0  465.0  585.0\n",
      "9   358.0  128.0   10.0  302.0   22.0  127.0  444.0  465.0    0.0  120.0\n",
      "10  478.0    8.0  120.0  408.0  142.0    7.0  564.0  585.0  120.0    0.0\n",
      "\n",
      "Dissimilarity Matrix using Minkowski p=3 (Age & Income):\n",
      "\n",
      "            1           2           3           4           5           6   \\\n",
      "1     0.000000  455.047962  350.001393   51.044687  340.000185  453.053221   \n",
      "2   455.047962    0.000000  105.366580  405.002705  116.070657    2.080084   \n",
      "3   350.001393  105.366580    0.000000  300.006400   13.972736  103.432529   \n",
      "4    51.044687  405.002705  300.006400    0.000000  290.054782  403.003547   \n",
      "5   340.000185  116.070657   13.972736  290.054782    0.000000  114.205053   \n",
      "6   453.053221    2.080084  103.432529  403.003547  114.205053    0.000000   \n",
      "7    80.011248  535.058983  430.004947  130.345746  420.000015  533.064376   \n",
      "8   100.011432  555.059374  450.005555  150.291035  440.000046  553.064650   \n",
      "9   345.006153  110.160427    6.299605  295.001314   17.142970  108.195662   \n",
      "10  450.036132    5.336803  100.265959  400.001067  110.895392    4.497941   \n",
      "\n",
      "            7           8           9           10  \n",
      "1    80.011248  100.011432  345.006153  450.036132  \n",
      "2   535.058983  555.059374  110.160427    5.336803  \n",
      "3   430.004947  450.005555    6.299605  100.265959  \n",
      "4   130.345746  150.291035  295.001314  400.001067  \n",
      "5   420.000015  440.000046   17.142970  110.895392  \n",
      "6   533.064376  553.064650  108.195662    4.497941  \n",
      "7     0.000000   20.000833  425.012658  530.046636  \n",
      "8    20.000833    0.000000  445.013466  550.047241  \n",
      "9   425.012658  445.013466    0.000000  105.101942  \n",
      "10  530.046636  550.047241  105.101942    0.000000  \n",
      "\n",
      "Dissimilarity Matrix using Chebyshev (Age & Income):\n",
      "\n",
      "       1      2      3      4      5      6      7      8      9      10\n",
      "1     0.0  455.0  350.0   50.0  340.0  453.0   80.0  100.0  345.0  450.0\n",
      "2   455.0    0.0  105.0  405.0  115.0    2.0  535.0  555.0  110.0    5.0\n",
      "3   350.0  105.0    0.0  300.0   12.0  103.0  430.0  450.0    5.0  100.0\n",
      "4    50.0  405.0  300.0    0.0  290.0  403.0  130.0  150.0  295.0  400.0\n",
      "5   340.0  115.0   12.0  290.0    0.0  113.0  420.0  440.0   17.0  110.0\n",
      "6   453.0    2.0  103.0  403.0  113.0    0.0  533.0  553.0  108.0    4.0\n",
      "7    80.0  535.0  430.0  130.0  420.0  533.0    0.0   20.0  425.0  530.0\n",
      "8   100.0  555.0  450.0  150.0  440.0  553.0   20.0    0.0  445.0  550.0\n",
      "9   345.0  110.0    5.0  295.0   17.0  108.0  425.0  445.0    0.0  105.0\n",
      "10  450.0    5.0  100.0  400.0  110.0    4.0  530.0  550.0  105.0    0.0\n"
     ]
    }
   ],
   "source": [
    "# Compute for both Age and Income\n",
    "print_dissimilarity_matrix(euclidean_distance(data), \"Euclidean (Age & Income)\")\n",
    "print_dissimilarity_matrix(manhattan_distance(data), \"Manhattan (Age & Income)\")\n",
    "print_dissimilarity_matrix(minkowski_distance(data), \"Minkowski p=3 (Age & Income)\")\n",
    "print_dissimilarity_matrix(chebyshev_distance(data), \"Chebyshev (Age & Income)\")"
   ]
  },
  {
   "cell_type": "code",
   "execution_count": null,
   "id": "0d806ccb",
   "metadata": {},
   "outputs": [],
   "source": []
  }
 ],
 "metadata": {
  "kernelspec": {
   "display_name": "Python 3 (ipykernel)",
   "language": "python",
   "name": "python3"
  },
  "language_info": {
   "codemirror_mode": {
    "name": "ipython",
    "version": 3
   },
   "file_extension": ".py",
   "mimetype": "text/x-python",
   "name": "python",
   "nbconvert_exporter": "python",
   "pygments_lexer": "ipython3",
   "version": "3.11.5"
  }
 },
 "nbformat": 4,
 "nbformat_minor": 5
}
